29727	500	3
29728	500	371
29729	500	451
29730	500	62
29731	500	496
29732	500	274
29733	500	132
29734	500	559
29735	500	574
29736	500	174
29737	500	189
29738	500	160
29739	500	403
29741	500	456
29743	500	249
29744	500	550
29745	500	444
29748	500	118
29750	500	408
29751	500	291
29752	500	296
29753	500	587
29754	500	766
29755	500	353
29756	500	391
29757	500	464
29758	500	738
29760	500	936
29761	500	668
29762	500	629
29763	500	816
29764	500	910
29765	500	767
29766	500	97
29768	500	392
29769	500	791
29770	500	53
29771	500	792
29772	510	834
29773	510	908
29774	510	796
29779	510	913
29780	510	906
29781	510	185
29782	510	750
29783	510	836
29784	510	898
29785	510	557
29786	510	65
29787	510	65
29788	510	167
29789	510	749
29793	510	902
29794	510	832
29795	510	885
29796	510	731
29797	510	123
29798	510	652
29799	510	421
29800	510	102
29801	510	833
29802	510	871
29803	510	859
29804	510	793
29805	510	866
29806	510	852
29807	510	911
29808	510	903
29809	510	896
29810	510	877
29811	510	917
29812	510	832
29815	510	282
29816	510	44
29817	510	148
29818	510	155
29819	510	129
29820	510	347
29821	510	310
29822	510	307
29823	510	23
29824	510	420
29825	510	421
29826	510	253
29827	510	239
29828	510	478
29829	510	275
29830	510	301
29831	510	563
29832	510	358
29833	510	492
29834	510	506
29837	510	497
29838	510	477
29839	510	545
29840	510	596
29841	510	624
29842	510	599
29843	510	461
29844	510	589
29845	510	326
29846	510	374
29847	510	611
29848	510	166
29853	500	130
29854	500	796
29855	500	621
29856	500	647
29857	500	912
29858	500	842
29859	500	952
29861	500	717
29862	500	814
29863	500	275
29864	495	287
29866	495	398
29872	495	732
29873	495	766
29874	495	732
29875	495	731
29876	495	835
29877	495	426
29878	490	167
29879	490	642
29880	490	765
29881	490	713
29882	490	644
29883	490	711
29884	490	590
29885	490	764
29886	490	212
29888	490	644
29889	490	255
29890	490	213
29891	485	870
29892	485	831
29893	485	868
29894	485	915
29895	485	818
29896	485	895
29897	485	809
29898	485	359
29899	485	915
29901	485	817
29902	485	745
29903	485	922
29904	485	767
29905	485	783
29906	485	872
29907	485	787
29908	485	433
29911	480	722
29912	480	788
29913	480	926
29914	480	976
29915	480	956
29916	480	983
29917	480	940
29918	480	957
29919	480	865
29920	480	932
29922	480	496
29924	475	846
29925	475	536
29926	475	899
29927	475	862
29928	475	955
29929	475	985
29930	475	759
29931	475	895
29932	475	839
29933	475	734
29935	475	876
29936	475	855
29937	475	732
29938	475	719
29939	475	894
29940	475	797
29946	470	750
29950	470	912
29951	470	1101
29952	470	1079
29953	470	1024
29954	470	988
29955	470	1093
29956	470	47
29957	465	1026
29958	465	999
29959	465	787
29960	465	874
29962	465	504
29963	465	639
29964	465	720
29965	465	974
29966	465	815
29969	465	925
29970	465	959
29971	465	881
29972	465	737
29973	465	303
29978	460	1023
29979	460	655
29980	460	979
29982	460	458
29983	460	1160
29984	460	1056
29985	460	1108
29986	460	969
29987	455	458
29988	455	401
29990	455	861
29991	455	896
29992	455	996
29993	455	969
29994	455	668
29996	455	557
29997	455	775
29998	455	784
29999	455	857
30000	455	882
30001	450	318
30002	450	746
30003	450	715
30004	450	744
30005	450	803
30006	450	753
30007	450	880
30008	450	714
30010	450	708
30013	450	793
30014	450	841
30015	450	863
30016	450	887
30017	450	783
30018	450	651
30019	450	898
30024	445	230
30025	445	846
30026	445	877
30027	445	745
30028	445	772
30032	445	200
30033	445	766
30034	445	918
30036	445	1018
30037	445	846
30038	445	1000
30039	445	980
30040	445	529
30041	445	44
30043	440	982
30044	440	987
30045	440	1122
30046	440	1050
30048	440	329
30052	440	659
30054	440	204
30056	440	490
30058	440	870
30059	440	816
30060	440	280
30061	440	505
30062	440	797
30064	435	55
30065	435	998
30066	435	960
30067	435	798
30068	435	828
30069	435	8
30070	435	979
30071	435	860
30072	435	555
30073	435	436
30074	435	887
30075	435	723
30076	435	869
30077	435	834
30078	435	630
30079	435	264
30080	435	879
30081	435	798
30087	430	548
30088	430	818
30089	430	321
30090	430	672
30092	430	706
30093	430	844
30094	430	24
30095	430	728
30096	430	427
30097	430	793
30098	430	738
30099	430	827
30100	430	602
30101	430	489
30102	430	245
30106	425	848
30107	425	923
30110	425	415
30111	425	566
30112	425	768
30113	425	884
30114	425	845
30115	425	784
30116	425	737
30117	425	611
30118	425	760
30119	425	641
30120	425	326
30122	425	78
30123	425	792
30124	425	929
30125	425	147
30126	425	213
30128	425	284
30129	425	871
30130	425	823
30133	420	246
30134	420	988
30135	420	817
30136	420	316
30139	420	935
30140	420	958
30141	420	1040
30142	420	1107
30143	420	854
30144	420	757
30145	420	326
30146	420	479
30147	420	891
30149	415	510
30150	415	847
30151	415	764
30154	415	907
30155	415	730
30161	415	693
30162	415	457
30163	415	628
30164	415	344
30165	415	6
30166	415	513
30167	415	408
30168	415	709
30169	415	498
30170	415	818
30171	415	398
30172	415	223
30173	415	888
30174	415	468
30175	410	928
30177	410	875
30178	410	881
30179	410	817
30180	410	836
30181	410	808
30183	410	722
30184	410	835
30185	410	847
30186	410	771
30188	410	810
30189	410	148
30190	410	792
30191	410	832
30192	410	622
30193	410	853
30194	410	684
30195	410	836
30196	410	746
30197	410	671
30198	410	744
30199	410	778
30200	410	80
30202	410	769
30207	405	658
30208	405	246
30209	405	863
30210	405	732
30211	405	84
30213	405	820
30214	405	344
30215	405	638
30216	405	780
30217	405	747
30218	405	848
30219	405	642
30220	405	608
30221	405	772
30225	405	208
30228	405	995
30229	405	866
30230	405	779
30231	405	693
30232	405	801
30233	405	1009
30234	405	876
30236	405	824
30237	400	480
30238	400	522
30239	400	675
30240	400	668
30241	400	611
30242	400	643
30243	400	563
30244	400	392
30246	400	496
30247	400	577
30248	400	349
30251	400	462
30252	400	185
30253	400	158
30254	400	509
30255	400	503
30257	400	479
30258	400	672
30259	400	833
30260	400	770
30262	400	702
30263	400	458
30264	400	93
30266	399	741
30267	399	795
30268	399	835
30269	399	700
30270	399	635
30271	399	696
30272	399	596
30273	399	910
30275	399	1157
30276	399	732
30280	398	797
30281	398	1070
30283	398	1199
30284	398	810
30285	398	301
30286	398	836
30287	398	860
30288	398	1073
30289	398	1112
30290	398	326
30291	398	119
30292	398	1063
30293	398	1201
30294	398	1203
30295	398	545
30296	398	841
30299	397	719
30300	397	778
30301	397	739
30302	397	1062
30303	397	1033
30304	397	1258
30305	397	893
30306	397	1149
30307	397	941
30309	397	42
30310	397	978
30311	397	1137
30312	397	1063
30313	397	654
30314	396	271
30315	396	1033
30316	396	968
30317	396	555
30318	396	653
30319	396	490
30320	396	537
30321	396	967
30324	396	1075
30325	396	979
30326	396	482
30327	396	955
30328	396	853
30329	396	1245
30331	395	986
30333	395	449
30334	395	1210
30335	395	1058
30336	395	1097
30338	395	1140
30340	395	1249
30341	395	180
30342	395	1045
30343	395	1042
30344	395	789
30345	395	257
30349	394	840
30350	394	198
30353	394	1183
30354	394	341
30355	394	52
30357	394	896
30358	394	1045
30359	394	619
30360	394	1219
30361	394	1134
30364	394	1121
30366	394	948
30367	393	725
30369	393	625
30370	393	986
30371	393	1188
30372	393	1204
30373	393	1267
30374	393	1235
30375	393	1247
30377	393	1223
30378	393	479
30379	393	1283
30380	393	1342
30381	393	185
30383	392	1008
30384	392	1229
30385	392	1306
30386	392	1304
30387	392	995
30388	392	1270
30389	392	494
30390	392	1015
30391	392	1329
30393	392	232
30394	392	200
30399	392	819
30400	392	1139
30401	392	463
30402	392	1231
30403	392	362
30404	392	14
30405	392	635
30407	392	605
30408	392	920
30409	392	719
30410	392	580
30412	392	561
30413	392	407
30414	392	233
30415	392	491
30416	392	757
30417	392	937
30418	392	824
30419	392	1263
30422	391	940
30423	391	1171
30424	391	1074
30425	391	1050
30426	391	1202
30427	391	1008
30428	391	1027
30429	391	1063
30430	391	878
30431	391	1284
30432	391	1398
30433	391	1170
30434	391	1333
30435	391	191
30436	391	44
30438	391	290
30440	391	580
30441	391	269
30443	391	622
30446	391	737
30447	391	688
30448	391	725
30449	391	669
30451	391	726
30452	391	645
30453	391	619
30454	391	820
30455	391	608
30456	391	436
30457	391	169
30458	391	151
30459	391	627
30460	391	629
30461	391	87
30462	390	415
30463	390	658
30464	390	140
30465	390	593
30467	390	534
30468	390	96
30473	390	450
30476	390	678
30477	390	795
30478	390	820
30480	390	857
30481	390	584
30482	390	670
30483	390	875
30484	390	58
30486	390	822
30487	390	922
30489	390	876
30490	390	893
30491	390	811
30492	390	938
30493	390	810
30494	390	1067
30495	390	1018
30496	390	1076
30497	390	927
30498	390	115
30499	389	542
30500	389	1090
30501	389	889
30502	389	629
30503	389	472
30504	389	591
30507	389	950
30508	389	875
30509	389	668
30510	389	900
30511	389	479
30512	389	545
30513	389	642
30514	389	684
30515	389	624
30516	389	945
30517	389	502
30521	389	1002
30522	389	996
30523	389	962
30524	389	409
30525	389	993
30528	389	978
30529	389	1004
30530	389	1062
30531	389	905
30532	389	813
30533	388	1103
30534	388	1120
30535	388	1260
30536	388	392
30537	388	966
30538	388	523
30539	388	489
30540	388	899
30541	388	976
30544	388	523
30545	388	896
30546	388	703
30547	388	399
30550	388	216
30551	388	219
30552	388	284
30555	388	707
30556	388	656
30557	388	967
30558	388	553
30559	388	388
30560	388	377
30561	388	625
30563	388	704
30564	388	720
30565	388	764
30566	388	605
30567	387	1095
30568	387	485
30569	387	775
30570	387	766
30571	387	1028
30573	387	683
30574	387	1047
30575	387	184
30576	387	375
30577	387	1144
30578	387	779
30584	387	584
30585	387	338
30586	387	1111
30587	387	131
30588	387	546
30589	387	780
30590	387	776
30591	387	373
30592	387	13
30593	387	366
30595	387	543
30596	387	91
30597	387	180
30599	387	460
30600	387	18
30602	386	185
30603	386	658
30604	386	833
30605	386	792
30606	386	758
30607	386	430
30608	386	79
30609	386	611
30610	386	107
30611	386	303
30612	386	494
30613	386	837
30615	386	615
30617	386	221
30618	386	393
30619	386	790
30620	386	795
30621	386	765
30622	386	836
30624	386	348
30625	386	816
30629	384	619
30630	384	780
30631	384	70
30632	384	856
30633	384	861
30634	384	906
30635	384	744
30636	384	730
30637	384	809
30638	384	521
30639	384	745
30640	384	759
30641	384	346
30642	384	644
30643	384	490
30644	384	780
30645	384	519
30646	384	41
30647	384	630
30648	384	807
30650	384	735
30651	384	725
30653	384	670
30654	384	96
30658	382	286
30659	382	361
30660	382	278
30661	382	272
30662	382	285
30663	382	423
30664	382	568
30665	382	538
30666	382	613
30667	382	539
30668	382	332
30669	382	400
30670	382	432
30671	382	103
30673	382	66
30674	382	635
30675	382	559
30676	382	365
30678	382	766
30679	382	60
30680	382	655
30682	382	740
30684	380	198
30685	380	453
30686	380	689
30687	380	663
30689	380	193
30690	380	432
30691	380	209
30692	380	461
30693	380	719
30694	380	126
30695	380	543
30696	380	592
30698	380	701
30699	380	790
30702	380	269
30703	380	204
30704	380	339
30709	380	425
30710	378	559
30711	378	827
30712	378	554
30713	378	743
30714	378	667
30715	378	674
30716	378	694
30717	378	309
30718	378	600
30719	378	525
30720	378	723
30721	378	76
30722	378	719
30723	378	31
30724	378	754
30725	378	245
30727	376	478
30728	376	632
30735	376	810
30737	376	711
30739	376	313
30741	376	343
30742	376	404
30744	376	551
30750	372	126
30752	374	164
30753	374	682
30754	374	568
30755	374	9
30758	374	846
30763	374	76
30764	374	265
30765	374	868
30766	374	535
30767	374	627
30768	374	438
30770	374	754
30772	372	545
30773	372	687
30774	372	665
30775	372	880
30776	372	887
30778	372	931
30779	372	33
30783	372	505
30784	372	803
30787	372	972
30790	370	640
30792	370	1197
30796	370	490
30801	370	298
30802	368	156
30811	368	78
30813	368	619
30816	368	238
30818	368	426
30819	368	30
30824	368	236
30825	368	31
30826	368	786
30827	368	860
30829	368	642
30830	368	44
30832	368	127
30833	368	34
30834	368	7
30835	368	552
30837	368	665
30838	368	597
30839	368	107
30841	368	59
30842	368	87
30843	368	634
30844	368	54
30845	368	7
30846	368	381
30847	368	99
30850	368	554
30851	368	3
30853	368	416
30855	366	228
30857	366	402
30858	366	147
30859	366	15
30861	366	321
30863	366	20
30875	366	689
30877	366	865
30878	366	553
30882	366	44
30885	366	111
30886	366	315
30887	366	572
30888	366	582
30890	366	122
30896	366	308
30906	364	65
30908	364	111
30912	364	225
30913	364	109
30914	364	4
30916	364	476
30921	362	704
30922	362	25
30925	362	123
30927	362	111
30928	362	4
30931	362	337
30932	362	125
30934	362	353
30936	362	336
30941	362	583
30949	360	46
30952	360	278
30954	360	696
30955	360	572
30959	360	484
30960	360	640
30965	360	39
30990	355	82
30992	355	34
30993	355	50
30995	355	111
31000	355	402
31001	355	67
31002	355	156
31004	355	349
31005	355	76
31006	355	202
31007	355	260
31019	355	14
31021	355	243
31023	350	127
31026	350	194
31034	350	150
31036	350	3
31039	350	364
31042	350	74
31064	350	125
31065	350	454
31066	350	788
31067	350	508
31069	350	72
31070	350	13
31071	350	80
31100	350	165
31101	350	27
31103	350	27
31104	350	397
31107	350	29
31108	350	676
31109	350	28
31110	350	629
31111	350	384
31112	350	548
31113	350	326
31114	350	126
31115	350	276
31116	350	232
31117	350	359
31118	350	265
31119	350	236
31120	350	19
31138	345	603
31139	345	215
31140	345	99
31141	345	142
31143	345	301
31144	345	302
31145	345	79
31146	345	16
31147	345	127
31148	345	24
31155	345	40
31156	345	30
31157	345	56
31159	345	73
31160	345	9
31161	345	24
31167	345	17
31186	345	379
31209	340	151
31210	340	64
31211	340	227
31212	340	318
31213	340	391
31214	340	365
31216	340	446
31217	340	344
31218	340	338
31219	340	487
31220	340	354
31221	340	349
31222	340	320
31223	340	31
31229	335	416
31231	335	350
31232	335	34
31233	335	525
31235	335	573
31236	335	985
31237	335	885
31238	335	958
31239	335	1031
31260	330	394
31283	330	910
31284	330	327
31285	330	338
31286	330	241
31287	330	423
31288	330	354
31289	330	44
31290	330	463
31291	330	458
31292	330	412
31293	330	462
31294	330	444
31295	330	311
31296	330	663
31297	330	446
31299	330	332
31302	325	509
31303	325	589
31305	325	309
31307	325	631
31309	325	480
31310	325	677
31311	325	642
31312	325	281
31313	325	318
31314	325	142
31316	325	33
31317	325	317
31318	325	449
31324	325	45
31326	325	34
31328	325	208
31329	325	249
31330	325	415
31331	325	157
31343	320	316
31344	320	263
31345	320	456
31346	320	378
31347	320	436
31348	320	445
31350	320	360
31360	315	513
31361	315	125
31362	315	468
31365	315	503
31366	315	330
31367	315	269
31369	315	480
31371	315	488
31377	310	202
31378	310	369
31379	310	330
31380	310	10
31381	310	492
31382	310	404
31383	310	390
31384	310	487
31385	310	453
31386	310	71
31387	310	416
31388	310	458
31390	310	443
31391	310	507
31392	310	114
31397	305	42
31399	310	253
31401	310	95
31402	310	276
31403	310	313
31404	310	335
31405	310	380
31413	305	45
31414	305	199
31415	305	280
31418	305	62
31419	305	306
31420	305	201
31421	305	152
31422	305	139
31424	305	94
31436	305	139
31439	305	199
31440	305	224
31441	305	95
31443	305	56
31444	305	8
31445	305	242
31451	305	274
31452	305	152
31453	305	280
31454	305	158
31455	305	311
31456	305	302
31458	305	148
31462	305	230
31463	305	39
31464	305	150
31465	305	184
31466	305	238
31467	305	10
31469	300	284
31470	300	246
31471	300	187
31472	300	8
31473	300	53
31475	300	173
31477	300	447
31480	300	484
31481	300	129
31483	300	39
31484	300	123
31488	300	418
31489	300	176
31492	300	152
31493	300	295
31494	300	300
31495	300	361
31496	300	346
31497	300	325
31498	300	375
31499	300	285
31501	300	319
31503	300	315
31505	300	276
31514	295	299
31515	295	333
31517	295	305
31518	295	304
31519	295	329
31520	295	247
31521	295	128
31522	295	217
31523	295	245
31524	295	273
31525	295	270
31526	295	202
31527	295	238
31528	295	257
31529	295	325
31530	295	221
31531	295	9
31532	295	145
31533	295	6
31536	295	220
31540	290	190
31541	290	84
31542	290	237
31543	290	198
31544	290	176
31545	290	154
31546	290	163
31547	290	148
31550	290	37
31551	290	64
31552	290	7
31554	290	140
31555	290	101
31557	290	145
31558	290	153
31562	290	120
31566	290	66
31567	290	88
31568	290	185
31569	290	198
31570	290	220
31571	290	137
31572	290	74
31573	290	74
31574	290	17
31575	290	200
31576	290	13
31577	290	227
31579	290	60
31588	290	127
31589	290	153
31592	290	164
31593	290	177
31595	290	233
31596	290	227
31597	290	219
31598	290	240
31599	290	179
31600	290	253
31601	290	276
31602	290	280
31603	290	253
31604	290	207
31605	290	275
31606	290	268
31608	290	267
31611	290	7
31614	290	165
31615	285	111
31616	285	60
31618	285	204
31619	285	205
31620	285	266
31621	285	184
31622	285	12
31623	285	8
31624	285	237
31625	285	263
31626	285	123
31643	285	276
31644	285	227
31645	285	310
31646	285	197
31647	285	172
31648	285	217
31650	285	160
31655	285	164
31656	285	56
31658	285	172
31659	285	180
31660	285	158
31661	285	168
31666	280	145
31667	280	175
31668	280	11
31669	280	94
31677	280	194
31678	280	298
31679	280	197
31680	280	196
31681	280	20
31682	280	76
31684	280	30
31685	280	172
31689	280	239
31690	280	296
31691	280	35
31692	280	312
31696	280	101
31697	280	102
31698	280	346
31700	280	245
31717	274	217
31718	274	48
31722	274	80
31723	274	17
31724	274	58
31725	274	40
31728	274	29
31729	274	104
31730	274	242
31732	274	178
31734	274	275
31735	274	56
31736	274	30
31737	274	24
31739	274	6
31740	274	206
31741	274	293
31742	274	280
31743	274	266
31751	274	180
31752	274	253
31753	274	336
31763	274	409
31764	274	448
31765	274	446
31766	274	472
31767	274	2
31771	274	473
31772	274	244
31774	274	304
31775	274	134
31778	274	498
31780	274	542
31781	274	506
31782	274	276
31783	274	465
31786	274	35
31787	274	530
31788	274	421
31789	274	465
31790	274	38
31791	274	449
31792	274	354
31795	274	38
31796	274	459
31797	274	109
31798	274	289
31799	274	483
31801	274	414
31802	274	432
31803	274	97
31804	274	60
31805	274	373
31806	274	60
31809	274	553
31810	274	540
31811	274	358
31812	274	498
31813	274	344
31814	274	461
31815	274	249
31816	274	619
31817	274	519
31819	274	501
31835	274	16
31838	274	507
31839	274	595
31840	274	402
31841	274	370
31842	274	458
31843	274	502
31846	274	440
31847	274	489
31848	274	359
31849	274	90
31852	274	59
31853	274	36
31854	274	389
31856	274	413
31857	274	477
31858	274	10
31859	274	447
31860	274	347
31861	274	454
31862	274	396
31863	274	563
31865	274	49
31868	274	569
31869	274	602
31870	274	580
31871	274	194
31872	274	557
31873	274	179
31875	274	458
31876	274	447
31877	274	368
31878	274	183
31879	274	392
31880	274	406
31882	274	19
31884	274	342
31885	274	399
31886	274	344
31887	274	284
31888	274	499
31890	274	272
31891	274	413
31892	274	22
31902	274	142
31903	274	3
31904	274	568
31905	274	511
31906	274	155
31907	274	188
31908	274	310
31909	274	78
31910	274	18
31911	274	32
31912	274	52
31915	274	587
31916	274	800
31917	274	146
31920	274	109
31921	274	228
31923	274	122
31924	274	545
31926	274	319
31927	274	601
31928	274	599
31931	274	510
31932	274	597
31933	274	379
31934	274	233
31935	274	677
31936	274	559
31943	274	272
31944	274	162
31945	274	245
31946	274	384
31947	274	516
31948	274	589
31949	274	564
31950	274	82
31951	274	430
31952	274	348
31953	274	504
31954	274	208
31956	274	632
31957	274	14
31958	274	629
31959	274	213
31974	274	700
31976	274	365
31977	274	555
31978	274	499
31979	274	542
31982	274	621
31983	274	53
31984	274	535
31985	274	486
31986	274	437
31990	274	518
31991	274	201
31993	274	253
31999	274	37
32000	274	578
32001	274	592
32002	274	588
32003	274	451
32004	274	12
32005	274	514
32006	274	388
32007	274	393
32008	274	270
32009	274	305
32010	274	113
32017	274	420
32018	274	639
32019	274	567
32020	274	610
32022	274	484
32023	274	446
32024	274	643
32025	274	669
32026	274	182
32027	274	610
32028	274	633
32029	274	521
32031	274	610
32032	274	55
32033	274	307
32047	345	360
32049	345	350
32050	345	383
32051	345	1002
32052	345	1000
32053	345	1254
32056	345	1160
32057	345	1235
32058	345	1364
32059	345	122
32060	345	1151
32061	345	785
32062	345	171
32064	345	867
32065	345	1049
32066	345	409
32067	345	531
32073	350	705
32074	350	1268
32075	350	1199
32076	350	711
32077	350	1370
32078	350	1503
32079	350	1330
32080	350	1331
32081	355	1231
32082	355	1252
32083	355	1256
32084	355	1156
32085	355	1214
32086	355	1131
32087	355	1117
32088	355	1121
32089	355	1125
32090	355	487
32091	355	1266
32092	355	131
32093	355	1214
32094	355	1047
32096	360	1228
32097	360	1263
32098	360	1288
32102	360	925
32103	360	407
32105	360	1211
32106	360	1570
32107	360	1555
32108	360	1642
32109	360	1337
32110	360	1571
32111	360	1574
32112	360	1351
32113	360	1379
32114	360	1259
32115	360	1576
32116	360	1557
32117	360	1512
32118	360	1440
32119	360	63
32121	360	1099
32123	360	1319
32124	360	1304
32125	360	527
32127	360	1376
32128	360	1511
32129	360	1369
32130	360	1554
32132	360	1501
32133	360	1583
32134	360	1534
32157	360	1654
32158	360	1499
32159	360	1479
32160	360	1527
32161	360	1436
32179	360	650
32180	360	1558
32181	360	1586
32182	360	407
32183	360	1555
32184	360	1484
32185	360	304
32186	360	134
32187	360	1557
32188	360	419
32189	360	1546
32190	360	1059
32191	360	1602
32192	360	1531
32193	360	1026
32194	360	1622
32195	360	178
32197	360	1657
32198	360	1674
32199	360	1654
32201	360	1556
32202	360	1553
32203	360	55
32204	360	562
32206	360	412
32207	360	1626
32208	360	571
32231	360	1676
32232	360	341
32233	360	1276
32234	360	409
32235	360	324
32253	360	897
32254	360	1534
32255	360	1584
32256	360	1654
32257	360	1459
32258	360	1507
32259	360	1539
32260	360	1471
32261	360	1473
32262	360	1452
32263	360	1488
32265	360	1527
32266	360	1369
32267	360	1443
32269	360	991
32271	360	1646
32272	360	1502
32273	360	1642
32275	360	158
32276	360	1735
32277	360	1724
32278	360	955
32280	362	366
32281	362	213
32282	362	357
32283	362	124
32292	362	20
32295	362	773
32297	362	1483
32298	362	324
32299	362	1538
32300	362	519
32301	362	1450
32302	362	1486
32303	362	1449
32304	362	543
32305	364	1329
32306	364	1114
32307	364	1392
32308	364	1202
32472	375	130
32473	375	1366
32475	375	1562
32476	375	1098
32478	375	1670
32479	375	727
32480	375	1606
32481	375	265
32483	375	1168
32484	375	1731
32485	375	1663
32486	375	1723
32487	375	1565
32488	375	1742
32497	375	1708
32499	375	1372
32501	375	1722
32502	375	1811
32503	375	1671
32505	375	1614
32506	375	78
32508	375	371
32509	375	1802
32510	375	1565
32511	375	1641
32512	375	1457
32513	375	729
32518	375	1417
32520	375	1212
32521	375	1342
32522	375	1243
32523	375	526
32546	375	1469
32547	375	1329
32548	375	1358
32549	375	1577
32550	375	1504
32552	375	784
32553	375	1341
32554	375	1697
32555	375	1746
32556	375	1561
32557	375	1656
32558	375	1316
32559	375	1188
32560	375	462
32561	375	1723
32562	375	1080
32575	375	73
32576	375	449
32577	375	559
32611	375	1737
32612	375	1859
32613	375	1828
32614	375	1842
32615	375	1858
32616	375	1695
32617	375	1464
32620	375	514
32621	375	1573
32622	375	1735
32623	375	1789
32624	375	1785
32625	375	1812
32626	375	1627
32627	375	1412
32628	375	1634
32629	375	1583
32630	375	1466
32631	375	1601
32632	375	1829
32638	375	708
32646	375	558
32648	375	1923
32649	375	1902
32650	375	1389
32651	375	312
32686	375	1302
32687	375	1472
32688	375	1304
32689	375	1492
32690	375	1350
32692	375	1382
32694	375	1583
32695	375	773
32696	375	1522
32697	375	1523
32698	375	1696
32699	375	603
32700	375	64
32701	375	1462
32702	375	1665
32703	375	1622
32704	375	1606
32705	375	1675
32706	375	1056
32712	375	1576
32713	375	1643
32714	375	1083
32715	375	1659
32716	375	1534
32717	375	1658
32719	375	1264
32720	375	817
32721	375	1658
32722	375	1484
32746	375	140
32748	375	257
32774	375	1560
32775	375	1309
32785	375	1675
32786	375	1605
32787	375	1631
32788	375	1787
32789	375	1589
32790	375	1785
32791	375	1587
32793	375	1791
32794	375	1381
32795	375	1438
32796	375	665
32818	375	1538
32819	375	1557
32820	375	1636
32821	375	1608
32822	375	1748
32823	375	1516
32824	455	430
32825	455	1491
32827	455	1267
32828	455	1311
32848	455	840
32849	455	527
32859	455	917
32866	455	734
32867	455	1158
32872	455	457
32883	455	1399
32884	455	1303
32885	455	1463
32886	455	815
32888	455	1266
32889	455	1363
32890	455	1155
32891	455	1257
32892	455	1453
32893	455	1446
32894	455	1439
32895	455	1462
32906	455	1356
32907	455	1337
32908	455	1380
32910	455	1381
32915	465	1025
32917	465	1374
32921	465	1004
32922	465	1066
32923	465	465
32924	465	1135
32925	465	693
32926	465	1272
32927	465	107
32928	465	1226
32929	465	1283
32930	465	58
32931	465	1142
32932	465	1251
32933	465	375
33099	492	1083
33102	492	1000
33104	492	1193
33106	492	1339
33108	492	1278
33111	492	1383
33112	492	1315
33113	492	1253
33114	492	1170
33115	492	1365
33116	492	1449
33117	492	1410
33118	492	1366
33119	492	157
33121	501	244
33122	501	908
33123	501	1259
33124	501	1066
33125	501	754
33126	501	1067
33127	501	173
33128	501	1293
33129	501	325
33130	501	835
33131	501	1358
33132	501	1052
33133	501	1393
33135	501	788
33136	501	392
33137	501	1133
33138	501	924
33139	501	974
33140	501	1074
33141	501	877
33142	501	749
33143	501	1122
33144	501	1014
33145	501	1116
33147	501	1048
33148	501	868
33149	503	1105
33150	503	1252
33151	503	1185
33152	503	1332
33153	503	801
33155	503	381
33156	503	928
33162	503	429
33163	503	1170
33164	503	780
33173	503	167
33174	503	135
33175	503	783
33176	503	882
33177	503	1075
33180	503	1230
33181	503	1215
33182	503	1201
33183	503	1206
33184	503	1204
33185	503	1226
33186	503	1176
33187	503	658
33188	503	1127
33189	503	1170
33190	503	1104
33191	503	785
33192	503	559
33193	503	740
33195	503	702
33196	503	223
33198	503	1291
33199	503	999
33200	503	388
33201	503	1093
33202	503	334
33203	503	1338
33204	503	1458
33205	503	1431
33206	503	1428
33207	503	1428
33209	503	146
33210	503	747
33211	503	868
33212	503	611
33213	503	1462
33214	503	1493
33215	503	1261
33216	503	1332
33217	503	1330
33218	503	1272
33219	503	1309
33221	503	1301
33222	503	1318
33224	503	1227
33225	503	1296
33226	503	943
33227	503	1032
33228	503	53
33229	503	976
33230	503	215
33231	503	1051
33234	503	78
33235	503	1108
33237	503	1179
33238	503	532
33240	505	924
33241	505	1261
33242	505	1257
33243	505	1235
33244	505	927
33245	505	1286
33246	505	365
33247	505	256
33249	505	909
33250	505	1242
33251	505	916
33253	505	964
33254	505	1014
33255	505	104
33256	505	720
33257	505	1137
33258	505	1160
33259	505	1181
33260	505	787
33261	505	818
33265	505	1057
33266	505	1161
33267	505	1108
33285	508	1202
33286	508	1227
33287	508	1320
33288	508	1204
33289	508	1091
33290	508	1201
33291	508	1176
33292	508	162
33293	508	1246
33294	508	996
33295	508	1227
33296	508	1244
33298	508	1161
33299	508	1162
33300	508	551
33301	508	1229
33302	508	798
33303	508	1220
33304	508	1122
33305	508	1211
33306	508	39
33307	508	601
33308	508	1106
33309	508	213
33311	508	706
33312	508	884
33313	508	984
33314	508	385
33315	508	1161
33316	508	439
33317	508	1099
33335	508	123
33336	508	12
33339	508	818
33340	508	130
33341	508	693
33359	508	1087
33360	508	772
33361	508	1319
33362	508	911
33363	508	1296
33364	508	1424
33365	508	1432
33366	508	1225
33367	508	1414
33368	508	1363
33369	508	1319
33370	508	1356
33372	508	46
33373	508	1140
33374	508	1322
33375	508	1058
33376	508	1367
33377	508	1349
33378	508	991
33380	508	1381
33381	508	907
33382	508	1344
33383	508	1391
33384	508	1354
33385	508	1354
33387	508	1315
33388	508	131
33390	508	1387
33391	508	779
33409	509	1123
33410	509	600
33411	509	1054
33412	509	994
33413	509	304
33414	509	800
33415	509	641
33416	509	1001
33417	509	319
33421	509	1180
33422	509	1401
33423	509	43
33424	509	446
33425	509	71
33426	509	976
33428	509	1100
33429	509	353
33430	509	246
33432	509	1100
33433	509	1108
33434	509	1351
33435	509	1360
33437	509	405
33439	509	1391
33440	509	1373
33441	509	1076
33442	509	1267
33443	509	1302
33444	509	956
33446	509	1338
33447	509	1123
33448	509	1034
33450	509	1118
33451	509	250
33452	509	1118
33454	509	1353
33455	509	650
33456	509	934
33457	509	1352
33458	509	1348
33459	509	1212
33461	509	371
33462	509	1164
33464	509	1151
33465	509	765
33466	509	937
33467	509	383
33468	509	1213
33469	509	1193
33470	509	590
33471	509	1166
33472	509	1172
33473	509	1161
33476	509	654
33477	509	1116
33478	509	468
33479	509	1127
33480	509	1129
33481	509	1150
33484	509	1133
33485	509	1115
33486	509	1076
33487	509	1087
33488	509	955
33489	509	1054
33491	509	1042
33492	509	1006
33493	509	1088
33494	509	1070
33495	509	1094
33496	509	448
33497	509	1112
33498	509	1097
33500	509	1097
33501	509	279
33502	509	1081
33503	509	1056
33504	509	282
33506	509	1119
33507	509	1042
33508	509	938
33509	509	81
33511	509	940
33513	509	558
33514	509	891
33515	509	374
33516	509	871
33517	509	970
33518	509	179
33519	509	901
33520	509	1056
33521	509	1001
33525	509	316
33526	509	1116
33527	509	414
33528	509	419
33529	509	980
33530	509	1122
33531	509	799
33533	509	1042
33535	509	1046
33536	509	1072
33537	509	72
33538	509	1043
33539	509	1040
33540	509	240
33541	509	306
33542	509	879
33543	509	1053
33544	509	1096
33545	509	1067
33546	509	1103
33547	509	276
33550	509	203
33551	509	1022
33552	509	258
33553	509	516
33554	509	986
33555	509	850
33557	509	11
33558	509	1087
33559	509	254
33560	509	326
33561	509	301
33562	509	1013
33563	509	1038
33565	509	895
33566	509	1074
33567	509	470
33568	509	946
33569	509	1087
33570	509	1094
33571	509	304
33575	509	255
33576	509	1067
33577	509	985
33578	509	971
33580	509	1006
33581	509	1020
33582	509	1074
33583	509	451
33584	509	970
33585	509	795
33586	509	1009
33587	509	506
33588	509	924
33589	509	963
33591	509	1023
33592	509	953
33593	509	989
33594	509	1125
33595	509	1053
33599	510	1236
33600	510	661
33601	510	1282
33602	510	1289
33603	510	405
33604	510	1258
33605	510	1104
33607	510	755
33608	510	364
33609	510	415
33610	510	254
33611	510	477
33612	510	239
33613	510	954
33614	510	1236
33615	510	1038
33616	510	727
33617	510	696
33618	510	706
33619	510	632
33620	510	1272
33621	510	1195
33622	510	611
33623	510	1233
33624	510	80
33625	510	414
33626	510	812
33627	510	487
33628	510	810
33629	510	1241
33630	510	673
33631	510	1228
33633	510	1197
33634	510	943
33635	510	1247
33636	510	423
33637	510	1212
33638	510	420
33639	510	1260
33643	510	750
33644	510	1277
33645	510	525
33649	510	1246
33650	510	1271
33651	510	770
33652	510	1266
33654	510	102
33655	510	1173
33656	510	1285
33657	510	1301
33658	510	416
33659	510	1290
33660	510	154
33661	510	1287
33662	510	473
33663	510	1243
33665	510	1293
33666	510	1095
33667	510	334
33670	510	1193
33671	510	796
33672	510	1160
33673	510	1185
33674	510	1052
33675	510	633
33676	510	591
33677	510	1246
33678	510	1246
33679	510	1009
33680	510	1281
33681	510	159
33682	510	1217
33683	510	1117
33684	510	1238
33685	510	1182
33686	510	1283
33687	510	1231
33688	510	1251
33689	510	1259
33694	510	1106
33696	510	1230
33697	510	1220
33698	510	1212
33699	510	1248
33700	510	1266
33701	510	159
33702	510	1239
33704	510	1249
33705	510	599
33707	510	1165
33708	510	919
33709	510	452
33710	510	1227
33711	510	1232
33712	510	1246
33713	510	371
33717	510	1190
33718	510	1261
33720	510	1143
33722	510	912
33725	510	932
33726	510	317
33727	510	1270
33728	510	1296
33729	510	1288
33731	510	1306
33732	510	1322
33733	510	990
33734	510	1336
33736	510	1294
33737	510	1292
33738	510	1125
33739	510	1146
33740	510	1229
33741	510	710
33744	510	1287
33745	510	1279
33746	510	1285
33747	510	987
33748	510	1160
33749	510	1300
33750	510	1238
33752	510	1121
33753	510	1283
33754	510	1226
33755	510	1235
33756	510	1275
33757	510	1253
33758	510	1256
33759	510	1252
33760	510	1270
33762	510	1268
33763	510	350
33768	511	118
33770	511	244
33771	511	720
33773	511	1014
33774	511	723
33776	511	1157
33778	511	1216
33779	511	947
33780	511	1042
33781	511	1007
33782	511	821
33783	511	740
33784	511	991
33785	511	1079
33786	511	1127
33787	511	1106
33788	511	812
33789	511	1036
33790	511	1173
33791	511	112
33794	511	76
33795	511	38
33796	511	728
33799	511	1272
33800	511	946
33801	511	729
33802	511	118
33803	511	127
33805	511	1010
33806	511	465
33807	511	1302
33808	511	1071
33810	511	1252
33811	511	920
33812	511	434
33813	511	178
33814	511	624
33815	511	1229
33816	511	356
33818	511	1268
33819	511	1277
33820	511	928
33821	511	1271
33822	511	1080
33823	511	113
33824	511	1202
33853	511	988
33854	511	1037
33855	511	56
33856	511	1239
33857	511	1210
33858	511	709
33860	511	329
33861	511	1274
33862	511	1063
33863	511	457
33864	511	1200
33865	511	128
33867	511	1308
33868	511	1337
33869	511	1132
33870	511	1198
33871	511	156
33873	514	490
33874	514	618
33876	514	972
33878	514	930
33879	514	85
33880	514	1307
33881	514	1250
33882	514	1190
33883	514	1184
33884	514	1279
33885	514	1246
33886	514	1243
33889	514	1263
33890	514	1159
33891	514	1183
33892	514	358
33893	514	1018
33894	514	1105
33895	514	1169
33896	514	148
33897	514	1181
33898	514	868
33927	520	870
33928	520	277
33934	520	449
33935	520	953
33936	520	205
33937	520	1267
33938	520	1296
33939	520	1320
33940	520	6
33941	520	1183
33942	520	1302
33943	520	1312
33944	520	1286
33946	520	1044
33947	520	1210
33948	520	1386
33950	520	1028
33952	520	314
33953	520	925
33954	525	563
33955	525	1484
33956	525	1476
33957	525	210
33958	525	297
33959	525	1430
33960	525	1399
33963	525	1368
33964	525	940
33965	525	1464
33966	525	206
33967	525	1360
33968	525	1363
33969	525	442
33970	525	1398
33971	525	1438
33973	525	1462
33974	525	1427
33975	525	1395
33976	530	1001
33977	530	1330
33978	530	151
33979	530	1265
33980	530	221
33981	530	814
33985	530	1244
33986	530	611
33987	530	1316
33988	530	1323
33989	530	1341
33990	530	655
33993	530	733
33994	530	1348
33995	530	407
33997	530	1447
33998	530	604
34000	530	1084
34001	530	1233
34002	530	266
34008	550	1181
34009	550	1192
34010	550	1125
34011	550	762
34012	550	1152
34013	550	961
34014	550	251
34015	550	412
34030	550	1088
34031	550	1121
34032	550	1049
34033	550	196
34034	550	364
34036	550	502
34038	550	1141
34039	550	1103
34040	550	1056
34041	550	1111
34042	550	1024
34043	550	465
34044	550	781
34045	550	1069
34047	550	295
34048	550	1062
34049	550	961
34050	550	871
34051	550	327
34052	550	712
34053	550	1003
34054	550	255
34055	550	1058
34056	550	1092
34059	550	1022
34060	550	1015
34061	550	1081
34062	550	1121
34063	550	864
34067	575	1096
34068	575	574
34069	575	791
34072	575	879
34073	575	703
34074	575	364
34075	575	374
34076	575	881
34077	575	962
34080	575	1063
34081	575	263
34082	575	516
34083	575	259
34084	575	853
34085	575	972
34086	575	181
34087	575	523
34088	575	438
34089	575	83
34104	575	827
34105	575	101
34106	575	881
34107	575	930
34108	575	793
34109	575	838
34110	575	623
34111	575	25
34113	575	769
34114	575	137
34115	575	1041
34116	575	375
34119	575	837
34120	575	202
34121	575	709
34122	575	89
34123	575	1012
34124	575	883
34125	575	57
34126	575	880
34127	575	200
34128	575	777
34129	575	946
34130	575	799
34131	575	76
34132	575	95
34133	575	110
34134	575	530
34135	575	754
34136	575	773
34137	575	365
34139	575	916
34140	575	807
34141	575	858
34142	575	684
34143	575	940
34144	575	455
34146	600	316
34147	600	374
34148	600	601
34149	600	380
34150	600	346
34151	600	141
34153	600	15
34154	600	997
34155	600	344
34156	600	186
34157	600	981
34158	600	580
34159	600	501
34160	600	299
34161	600	233
34162	600	813
34163	600	850
34164	600	881
34165	600	846
34166	600	939
34167	600	980
34168	600	626
34169	600	952
34170	600	71
34171	600	857
34184	600	925
34185	600	982
34187	600	967
34188	600	931
34189	600	904
34193	600	261
34194	600	818
34196	600	844
34197	600	199
34198	600	593
34199	600	137
34200	600	789
34201	600	424
34202	600	591
34203	600	754
34204	600	736
34205	600	179
34206	600	481
34207	600	590
34208	600	214
34209	600	642
34210	600	631
34211	600	587
34213	600	704
34214	600	809
34215	600	897
34216	600	798
34217	600	248
34218	600	135
34219	600	41
34220	600	755
34221	600	47
34222	600	399
34223	600	698
34224	600	559
34225	600	334
34227	600	692
34228	600	766
34229	600	708
34230	600	246
34231	600	280
34232	600	835
34233	600	771
34234	600	374
34235	600	741
34236	600	742
34237	600	255
34239	600	693
34241	600	803
34243	600	704
34244	600	568
34245	600	143
34258	600	534
34259	600	760
34261	600	319
34262	600	635
34263	600	807
34265	460	1254
34266	460	1069
34267	460	612
34268	460	1000
34270	460	131
34271	460	360
34273	460	380
34274	460	664
34275	460	922
34276	460	127
34277	460	1303
34278	460	1194
34279	460	346
34281	460	532
34283	460	507
34284	460	100
34285	460	643
34287	460	540
34288	460	1082
34289	460	1228
34295	460	73
34296	460	695
34297	460	1251
34298	460	596
34301	460	1279
34304	460	1214
34305	460	156
34306	460	834
34307	460	1183
34308	460	452
34311	460	1146
34313	460	194
34315	460	970
34317	460	842
34318	460	678
34319	460	128
34320	460	511
34321	460	998
34322	460	774
34323	460	734
34324	460	482
34326	460	1142
34327	460	1164
34328	460	797
34330	460	1033
34331	460	909
34332	460	955
34333	460	430
34335	460	868
34336	460	1129
34337	460	449
34338	460	191
34339	460	1056
34340	460	1101
34344	460	1107
34345	460	729
34347	380	393
34348	380	506
34349	380	313
34350	380	158
34351	380	379
34352	380	65
34353	380	477
34355	380	1188
34357	380	368
34358	380	1376
34359	380	1045
34360	380	379
34361	380	610
34362	380	593
34363	380	350
34370	380	1074
34371	380	634
34372	380	520
34373	380	16
34374	380	168
34375	380	483
34376	380	14
34378	380	743
34379	380	517
34381	380	340
34382	380	372
34383	380	13
34385	380	527
34386	380	683
34387	380	427
34388	380	394
34389	380	451
34390	380	430
34391	380	456
34393	380	366
34394	380	131
34395	380	687
34396	380	471
34397	380	677
34398	380	451
34399	380	21
34400	380	333
34401	380	440
34402	380	534
34404	380	811
34405	380	277
34406	380	257
34407	380	679
34408	380	220
34409	380	667
34410	380	346
34411	380	430
34412	380	732
34413	380	622
34414	380	423
34418	380	579
34423	380	668
34424	380	441
34425	380	308
34426	380	584
34427	380	731
34428	380	22
34429	380	619
34430	380	575
34431	380	83
34432	380	472
34433	380	1225
34434	380	1213
34435	380	257
34436	380	1257
34437	380	1254
34438	380	590
34439	380	1184
34440	380	1179
34441	380	565
34442	380	1138
34444	380	541
34445	380	349
34446	380	66
34447	380	280
34448	380	125
34449	380	211
34450	380	947
34451	380	906
34453	380	766
34455	380	121
34456	380	190
34457	380	915
34458	380	940
34459	380	632
34460	380	869
34461	380	961
34462	380	926
34463	380	952
34464	380	964
34465	380	673
34467	380	873
34468	380	893
34469	380	941
34470	380	961
34471	380	690
34472	387	157
34473	387	584
34474	387	783
34475	387	154
34476	387	854
34477	387	867
34478	387	832
34479	387	745
34480	387	832
34481	387	853
34482	387	827
34483	387	375
34484	387	843
34485	387	273
34486	387	749
34487	387	838
34488	387	783
34489	387	1300
34490	387	327
34491	387	1321
34496	387	13
34497	387	1683
34498	387	1630
34499	387	875
34500	387	1651
34502	387	146
34503	387	1548
34504	387	1686
34505	387	1517
34506	387	1638
34507	387	1641
34508	387	1734
34509	387	1584
34510	387	595
34511	387	1709
34512	387	1644
34513	387	1612
34514	387	321
34515	387	1567
34516	387	744
34517	387	726
34518	387	1704
34519	387	1661
34520	387	1653
34521	387	1642
34522	387	1606
34523	387	1707
34524	387	63
34525	387	108
34527	387	1352
34528	387	1373
34529	387	1536
34530	387	1606
34531	387	1533
34532	387	711
34534	387	158
34535	387	1490
34536	387	1757
34537	387	1671
34538	387	88
34539	387	379
34540	389	1587
34541	389	1550
34542	389	113
34543	389	1565
34544	389	1544
34545	389	770
34546	389	853
34547	389	1503
34548	389	118
34549	389	672
34550	389	1425
34551	389	1526
34552	389	660
34553	389	1123
34554	389	1489
34555	389	871
34556	389	1317
34557	389	1595
34558	389	1474
34559	389	182
34560	389	1447
34561	389	1472
34562	389	773
34563	389	1167
34568	389	1288
34569	389	1581
34570	389	401
34571	389	644
34572	389	663
34573	389	1572
34574	389	1510
34576	389	1499
34577	389	1248
34578	389	1436
34579	389	893
34580	389	1629
34581	389	641
34582	389	469
34583	389	129
34584	389	619
34585	389	169
34586	389	670
34587	389	439
34588	389	1531
34589	389	1607
34591	389	383
34594	389	617
34595	389	1477
34596	389	1560
34597	389	1480
34598	389	1437
34599	389	582
34600	389	891
34601	389	1559
34602	389	1596
34603	389	1626
34604	389	1369
34605	389	1159
34606	389	150
34608	389	1549
34609	389	1533
34610	389	1447
34611	389	243
34612	389	1004
34613	389	1425
34614	389	1568
34615	389	1567
34617	390	319
34618	390	1422
34619	390	1494
34620	390	1450
34621	390	1631
34622	390	1544
34624	390	859
34625	390	365
34626	390	643
34627	390	1389
34628	390	1173
34629	390	1184
34630	390	1598
34631	390	1534
34632	390	1603
34633	390	1441
34634	390	1479
34635	390	957
34636	390	1709
34637	390	1234
34642	390	457
34643	390	1483
34644	390	1690
34645	390	1745
34646	390	1550
34647	390	387
34648	390	1662
34649	390	201
34650	390	1719
34651	390	1654
34652	390	1691
34653	390	1673
34654	390	1618
34655	390	1592
34656	390	1609
34657	390	1671
34658	390	1695
34659	390	1736
34660	390	1315
34661	390	1660
34662	390	1576
34663	390	1602
34665	390	1617
34668	390	1336
34669	390	1355
34670	390	1351
34671	390	997
34672	390	1375
34673	390	1386
34674	390	1406
34675	390	1336
34676	390	1380
34677	390	1382
34678	390	1403
34679	390	1403
34680	390	1410
34683	390	1402
34684	390	86
34685	390	1339
34686	390	1373
34687	390	1340
34688	390	1171
34689	390	1095
34691	390	1274
34692	390	177
34693	390	1170
34694	390	1377
34695	390	1366
34696	390	1266
34698	390	1371
34699	390	539
34700	390	1356
34701	390	121
34702	390	1303
34703	390	1349
34704	390	561
34705	390	1259
34706	390	1333
34707	390	1316
34708	390	960
34709	390	1317
34710	390	659
34711	390	1386
34714	390	1096
34715	390	1059
34716	390	1244
34717	390	1203
34718	390	481
34719	390	832
34720	390	827
34721	390	349
34722	390	1246
34723	390	1279
34724	390	1255
34725	390	1190
34726	390	1282
34727	390	985
34728	390	1286
34729	390	1292
34730	390	1363
34731	390	1324
34732	390	1399
34735	390	1356
34736	390	295
34737	390	1226
34738	390	1259
34739	390	1187
34740	390	1359
34741	390	1111
34742	390	1267
34743	390	1362
34744	390	1336
34745	390	1306
34746	390	1185
34747	390	1285
34748	390	1236
34749	390	1233
34750	390	1164
34751	390	1304
34752	390	1121
34753	390	446
34754	390	436
34757	390	558
34759	390	1262
34760	390	1084
34761	390	1239
34762	390	1236
34763	390	1221
34764	390	1244
34765	390	1171
34766	390	1291
34767	390	1298
34768	390	1348
34769	390	520
34770	390	435
34771	390	1265
34773	390	1096
34774	390	1244
34775	390	1250
34776	390	1244
34778	390	503
34779	390	968
34780	390	994
34781	390	804
34782	390	404
34783	390	896
34784	390	1252
34786	390	1144
34789	390	1151
34790	390	748
34791	390	153
34792	390	140
34793	390	611
34794	390	1179
34795	390	1115
34796	390	1201
34797	390	1115
34798	390	1099
34799	390	1168
34800	390	1197
34801	390	1080
34802	390	1086
34803	390	197
34804	390	1058
34806	390	1126
34809	390	132
34811	390	1271
34812	390	1192
34813	390	1136
34814	390	1297
34815	390	1315
34816	390	1314
34817	390	141
34818	390	1086
34819	390	1065
34820	390	1303
34821	390	1321
34822	390	738
34823	390	1247
34824	390	84
34825	390	1293
34827	390	1132
34828	390	1218
34829	390	1288
34830	390	603
34831	390	520
34833	391	1218
34834	391	272
34835	391	517
34836	391	1195
34837	391	1256
34838	391	848
34839	391	1263
34840	391	1321
34841	391	1133
34842	391	1157
34843	391	889
34844	391	987
34845	391	1171
34848	391	278
34850	391	185
34851	391	4
34852	391	1242
34853	391	1124
34854	391	997
34855	391	1118
34856	391	1048
34857	391	1292
34858	391	1340
34860	391	311
34861	391	609
34863	391	1367
34864	391	1366
34865	391	1411
34866	391	1421
34867	391	1422
34868	391	352
34869	391	1435
34870	391	1417
34871	391	468
34872	391	1434
34873	391	752
34875	391	704
34876	391	1351
34877	391	1447
34878	391	1315
34880	391	1337
34881	391	1470
34882	391	1415
34883	391	1469
34885	391	346
34886	391	1489
34887	391	1464
34888	391	1313
34889	391	165
34890	391	1439
34891	391	388
34892	391	941
34893	391	1284
34894	391	484
34895	391	1380
34896	391	1371
34899	391	1391
34902	391	401
34903	391	415
34904	391	1010
34905	391	1287
34906	391	412
34907	391	1416
34908	391	169
34909	391	1213
34911	391	1337
34912	391	1459
34913	391	1410
34914	391	1413
34915	391	1433
34916	391	1362
34917	391	1310
34918	391	1358
34919	391	1293
34920	391	1359
34922	391	624
34924	391	1252
34925	391	1338
34926	391	1305
34927	391	1375
34928	391	1272
34929	391	1434
34930	391	772
34931	391	1417
34932	391	1256
34933	391	1383
34934	391	672
34935	391	1320
34936	391	1227
34937	391	1291
34938	391	1237
34939	391	1355
34940	391	918
34941	391	1365
34942	391	1420
34943	391	244
34944	391	1433
34946	391	1212
34947	391	735
34950	391	754
34951	391	694
34952	391	1455
34953	391	1478
34954	391	1097
34955	391	1468
34956	391	1294
34957	391	1422
34958	391	1286
34959	391	1320
34960	391	1485
34961	391	1388
34962	391	1406
34963	391	86
34964	391	491
34965	391	1371
34966	391	1438
34967	391	1405
34968	391	1448
34969	391	1412
34970	391	747
34973	391	1552
34974	391	1608
34976	391	1138
34979	391	227
34980	391	1589
34981	391	1571
34985	391	1609
34986	391	1576
34987	391	1567
34988	391	386
34989	391	1584
34990	391	1555
34991	391	1558
34992	391	1543
34993	391	1442
34994	391	1548
34995	391	472
34996	391	133
34997	391	1574
34998	391	1580
34999	391	1590
35000	391	1521
35001	391	1493
35002	391	1570
35003	391	1633
35004	391	1631
35005	391	1566
35006	391	1589
35010	391	1587
35011	391	1608
35012	391	1390
35013	391	1566
35020	391	816
35021	391	378
35022	391	518
35025	391	1448
35026	391	1538
35027	391	80
35028	391	1592
35029	391	1606
35030	391	1586
35031	391	1604
35032	391	1584
35033	391	1244
35034	391	1640
35035	391	1629
35036	391	1625
35037	391	1615
35038	391	1539
35039	391	1397
35040	391	942
35041	391	1369
35042	391	1543
35043	391	1307
35044	391	1564
35045	391	445
35046	391	475
35047	391	1543
35048	391	1553
35049	391	1565
35050	391	1373
35051	391	15
35053	391	1079
35055	391	439
35060	391	1628
35061	391	575
35062	391	1550
35063	391	1371
35064	391	1296
35065	391	1096
35066	391	1444
35067	391	1446
35068	391	1343
35069	391	1593
35070	391	1523
35071	391	294
35072	391	1125
35073	391	1628
35074	391	1259
35075	391	240
35076	391	629
35077	391	741
35079	391	677
35080	391	711
35083	391	2
35085	391	317
35086	391	733
35087	391	109
35093	391	1519
35094	391	1590
35095	391	1533
35096	391	1399
35097	391	612
35099	391	1496
35100	391	290
35101	391	1541
35102	391	1669
35103	391	1539
35104	391	1610
35105	391	1606
35106	391	799
35107	391	1523
35108	391	1646
35109	391	1123
35110	391	1640
35111	391	1605
35112	391	1508
35113	391	1439
35114	391	1542
35115	391	1649
35116	391	1652
35117	391	1658
35118	391	1662
35119	391	1675
35120	391	1182
35121	391	1558
35122	391	1691
35123	391	1587
35124	391	1528
35125	391	447
35126	391	1479
35127	391	566
35130	391	641
35131	391	343
35134	392	1548
35135	392	1719
35136	392	854
35137	392	1658
35138	392	1600
35139	392	1738
35140	392	820
35141	392	1491
35142	392	88
35143	392	1530
35144	392	1660
35145	392	1626
35146	392	1697
35147	392	1613
35148	392	705
35149	392	1313
35150	392	390
35151	392	868
35153	392	1498
35154	392	1650
35155	392	1703
35156	392	1704
35157	392	650
35159	392	1200
35160	392	553
35161	392	1656
35162	392	1683
35163	392	1607
35164	392	1681
35165	392	1683
35166	392	564
35167	392	1624
35168	392	1690
35169	392	1687
35170	392	1692
35171	392	172
35177	392	1601
35178	392	1690
35179	392	534
35180	392	66
35181	392	1106
35182	392	141
35183	392	875
35184	392	973
35185	392	1712
35186	392	1777
35187	392	1745
35188	392	497
35189	392	1786
35190	392	1747
35191	392	1447
35192	392	1755
35193	392	1780
35194	392	1758
35195	392	1612
35196	392	1762
35197	392	828
35198	392	1627
35199	392	53
35200	392	852
35201	392	1708
35202	392	374
35204	392	1522
35205	392	1403
35206	392	907
35207	392	1460
35208	392	1430
35209	392	1490
35210	392	1471
35211	392	1493
35212	392	1393
35213	392	1479
35214	392	1358
35215	392	1478
35216	392	1481
35217	392	1526
35224	392	1546
35226	392	1510
35227	392	1561
35228	392	1367
35229	392	1207
35230	392	570
35231	392	1672
35232	392	998
35233	392	1443
35234	392	1484
35235	392	1050
35236	392	1616
35237	392	598
35238	392	1621
35239	392	1680
35240	392	1555
35241	392	909
35242	392	1607
35243	392	1557
35244	392	1585
35245	392	1599
35251	392	1472
35252	392	1618
35253	392	1618
35254	392	602
35255	392	1530
35257	392	1427
35258	392	1577
35259	392	1503
35260	392	1359
35261	392	1445
35262	392	1522
35263	392	1572
35264	392	1590
35265	392	1678
35266	392	1654
35267	392	1690
35268	392	910
35269	392	1597
35270	392	1662
35271	392	1349
35272	392	765
35273	392	1632
35274	392	1715
35275	392	1656
35276	392	1709
35277	392	1705
35279	392	1646
35280	392	1699
35281	392	1680
35282	392	1692
35283	392	1673
35284	392	1598
35285	392	1634
35286	392	1611
35287	392	1667
35288	392	1617
35289	392	1469
35290	392	1659
35291	392	398
35298	392	644
35300	392	360
35301	392	1000
35302	392	1157
35303	392	1388
35304	392	1498
35305	392	1312
35306	392	1484
35307	392	172
35308	392	543
35309	392	1054
35310	392	159
35312	392	63
35313	392	1236
35314	392	1563
35316	392	735
35319	392	1459
35320	392	935
35323	392	1613
35325	392	800
35326	392	1241
35327	392	1523
35328	392	1229
35329	392	1302
35330	392	37
35331	392	1477
35332	392	1181
35333	392	1256
35334	392	100
35335	392	439
35336	392	1566
35337	392	1428
35338	392	1409
35339	392	1629
35347	392	1582
35348	392	1599
35349	392	1488
35350	392	1630
35351	392	1399
35353	392	1534
35354	392	850
35355	392	458
35356	392	1419
35357	392	1489
35358	392	181
35359	392	1257
35360	392	1137
35361	392	1408
35362	392	1332
35363	392	1408
35364	392	1457
35365	392	160
35366	392	659
35367	392	1372
35368	392	927
35369	394	1207
35370	394	1311
35371	394	1505
35373	394	1435
35374	394	1408
35375	394	1555
35376	394	1489
35377	394	1294
35378	394	1505
35379	394	274
35380	394	471
35381	394	1081
35382	394	73
35383	394	117
35384	394	50
35386	394	83
35387	394	107
35388	394	78
35389	394	36
35390	394	47
35391	394	25
35393	394	101
35394	394	164
35400	394	105
35401	394	446
35402	394	746
35403	394	687
35404	394	612
35405	394	792
35406	394	924
35407	394	949
35408	394	855
35409	394	616
35410	394	843
35411	394	174
35412	394	823
35413	394	1024
35421	394	505
35424	394	887
35425	394	708
35426	394	975
35427	394	881
35429	394	671
35430	394	775
35431	394	1019
35432	394	1024
35433	394	1085
35434	394	991
35435	394	1145
35437	394	946
35440	394	600
35459	394	1355
35460	394	1385
35461	394	1340
35463	394	1282
35465	394	1367
35466	394	1254
35467	394	1251
35468	394	602
35475	396	578
35477	396	1009
35478	396	929
35481	396	1055
35482	396	607
35483	396	676
35484	396	778
35485	396	991
35486	396	1141
35487	396	1378
35488	396	1436
35489	396	1247
35490	396	1307
35491	396	1565
35499	396	1415
35500	396	1366
35501	396	1324
35503	396	1487
35504	396	1438
35505	396	1250
35506	396	1283
35507	396	1516
35508	396	1340
35509	396	988
35511	396	50
35514	396	402
35533	339	722
35534	339	720
35535	339	341
35537	339	223
35539	339	452
35540	339	677
35541	339	469
35542	339	911
35543	339	954
35544	339	982
35545	339	769
35549	340	1019
35550	340	23
35551	340	846
35552	340	478
35553	340	29
35555	340	766
35556	340	1190
35557	340	980
35558	340	1031
35559	340	1262
35560	340	1221
35561	340	1124
35562	340	1142
35563	340	1263
35565	340	934
35573	340	1357
35574	340	1491
35575	340	1535
35576	340	1357
35577	340	1578
35578	340	1635
35580	340	1686
35581	340	1528
35582	340	158
35583	340	402
35584	340	1108
35585	340	1413
35586	340	1157
35587	340	1192
35588	340	1317
35589	340	1345
35590	340	1425
35591	340	1416
35592	340	1322
35593	340	960
35594	340	1027
35595	340	1217
35597	340	1499
35598	340	865
35599	340	1599
35600	340	1299
35601	340	1337
35602	340	1021
35603	340	1312
35605	340	1246
35610	340	555
35611	340	1035
35613	340	933
35614	340	883
35615	340	755
35616	340	707
35617	340	765
35619	340	254
35622	340	1018
35623	340	951
35624	340	805
35625	340	245
35626	340	1166
35627	340	823
35628	340	1280
35629	340	1084
35630	340	261
35631	340	860
35632	340	800
35633	340	381
35634	340	639
35635	340	1302
35636	340	1361
35639	340	1378
35640	340	1377
35641	340	1403
35642	340	1295
35643	340	235
35644	340	1293
35646	340	813
35647	340	1196
35648	340	229
35649	340	1340
35650	340	1394
35651	340	1319
35652	340	1360
35655	340	1117
35656	340	1263
35658	340	1084
35659	340	1339
35660	340	1264
35661	340	951
35662	340	1199
35663	340	1266
35664	340	1275
35665	340	1176
35666	340	1366
35669	340	1430
35670	340	1467
35671	340	1245
35672	340	1305
35673	340	1331
35674	340	1216
35675	340	1248
35676	340	1077
35677	340	1140
35679	340	1213
35683	340	16
35684	340	931
35687	340	554
35688	340	1265
35689	340	1317
35690	340	1316
35691	340	1215
35692	340	44
35693	340	1470
35694	340	1045
35695	340	1370
35698	340	1526
35699	340	1465
35700	340	1380
35701	340	1340
35703	340	1532
35704	340	1443
35705	340	1352
35706	340	1417
35707	340	1377
35708	340	811
35709	340	1386
35710	340	966
35712	340	1238
35713	340	1281
35714	340	1207
35715	340	1116
35716	340	820
35717	340	1212
