26188	880	5079
26189	880	4640
26190	880	4973
26191	880	5108
26192	880	4361
26193	880	5289
26194	880	4392
26195	880	2375
26197	880	1696
26198	880	4306
26199	880	3490
26200	880	2649
26201	880	4466
26202	880	4095
26203	880	4657
26204	880	4667
26205	880	5136
26206	880	4577
26208	880	4874
26209	880	3811
26210	880	4017
26211	880	4271
26212	880	4274
26213	880	2635
26222	880	3726
26223	880	5047
26224	880	4878
26225	880	4633
26226	880	5047
26227	880	4766
26228	880	4797
26229	880	4730
26230	880	4606
26231	880	4579
26233	880	4044
26234	880	3904
26235	880	3715
26236	880	3527
26237	880	3723
26238	880	3419
26239	880	1990
26241	880	2969
26242	880	2738
26243	880	3360
26244	880	3640
26247	882	3581
26249	882	3455
26250	882	4273
26251	882	3546
26252	882	2859
26253	882	3885
26254	882	4493
26255	882	2679
26256	882	4149
26257	882	4332
26258	882	4553
26259	882	1280
26260	882	3188
26261	882	4969
26262	882	5154
26263	882	1612
26264	882	4622
26265	882	4504
26266	882	5107
26267	882	4596
26268	882	1738
26271	882	2037
26273	882	2981
26274	882	2735
26275	882	3206
26276	882	2913
26277	882	2530
26279	882	1442
26282	882	2643
26283	882	3045
26284	882	2680
26285	882	1690
26293	890	2861
26294	890	2812
26295	890	1179
26299	890	3348
26300	890	961
26302	890	3842
26303	890	3614
26304	890	2107
26306	890	952
26307	890	1193
26308	890	3407
26309	890	3526
26310	890	3382
26311	890	3648
26312	890	3399
26314	890	3014
26315	890	2935
26318	890	1466
26321	890	1829
26323	890	1928
26327	890	1364
26330	891	1461
26331	891	2413
26332	891	2311
26335	891	3709
26336	891	1645
26340	891	1844
26341	891	1643
26342	891	3879
26344	891	2710
26345	891	2890
26346	891	3049
26347	891	1666
26348	891	3860
26349	891	3649
26350	891	2862
26352	891	3153
26356	891	1310
26357	891	3584
26358	891	3389
26359	891	3575
26361	891	4327
26362	891	4107
26363	891	4425
26364	891	4421
26365	891	4458
26366	891	4235
26367	891	2493
26370	891	4490
26371	891	4563
26372	891	4177
26373	891	4570
26375	891	3986
26376	891	2712
26378	891	3688
26379	891	4253
26380	891	3480
26381	891	4079
26382	891	2674
26383	891	3053
26384	891	2421
26386	891	2765
26387	891	2465
26388	891	3067
26389	891	2634
26390	891	2524
26391	891	2449
26393	891	3109
26394	891	2918
26395	891	3554
26397	891	2173
26398	891	1783
26400	891	2480
26401	891	2910
26403	891	2814
26404	891	2544
26405	891	2014
26406	891	2592
26407	891	3000
26410	891	2121
26411	891	3170
26413	891	2748
26414	891	3219
26416	891	2975
26418	891	3098
26419	891	2934
26420	891	2404
26421	891	2871
26422	891	2927
26423	891	2964
26424	891	2420
26425	891	2577
26426	891	2031
26427	891	2950
26428	891	2629
26429	891	1523
26430	891	1640
26431	891	2241
26432	891	4328
26433	891	5112
26434	891	6375
26435	891	4587
26436	891	5910
26437	891	7267
26439	891	5502
26442	891	6758
26443	891	7839
26444	891	3324
26445	891	6063
26446	891	7166
26447	891	6937
26448	891	6979
26449	891	6068
26450	891	6397
26451	891	3411
26452	891	6487
26454	891	1573
26455	891	6825
26456	891	6798
26457	891	6256
26463	901	6968
26464	901	7920
26465	901	6498
26466	901	2542
26467	901	6956
26468	901	6726
26469	901	5162
26470	901	5630
26471	901	2989
26472	901	4428
26473	901	3061
26474	901	2717
26475	901	3832
26476	901	3647
26477	901	2959
26478	901	2611
26479	901	1929
26480	901	2150
26481	901	1294
26484	901	5599
26485	901	5183
26486	901	4592
26489	901	5058
26490	901	5138
26492	901	2703
26493	901	3192
26494	901	3952
26495	901	2356
26496	901	7536
26497	901	6321
26498	901	3506
26499	901	7154
26500	901	5098
26501	901	7254
26502	901	7767
26504	901	8214
26505	901	7104
26508	901	2254
26510	901	1376
26511	901	4490
26512	901	7695
26513	901	8223
26514	901	7943
26515	901	7079
26516	901	1039
26517	901	7527
26518	901	4431
26519	901	7978
26520	901	8039
26521	901	7906
26522	901	7915
26523	901	7477
26524	901	7807
26525	901	7302
26526	901	7586
26527	901	6888
26528	901	7027
26529	901	7078
26531	910	4856
26533	910	1347
26534	910	1367
26535	910	6316
26536	910	5838
26539	910	1310
26540	910	5484
26541	910	6469
26543	910	8592
26544	910	8465
26545	910	8857
26546	910	8772
26547	910	8250
26548	910	8430
26549	910	2326
26551	910	8825
26552	910	7812
26553	910	7909
26554	910	8613
26555	910	8960
26557	910	8835
26558	910	8261
26559	910	7734
26560	910	1798
26585	910	4478
26587	910	4389
26588	910	3528
26589	910	5826
26590	910	3312
26591	910	8037
26592	910	8085
26593	910	6976
26594	910	5356
26595	910	1428
26596	910	7852
26597	910	8435
26598	910	2258
26599	910	3169
26600	910	5461
26601	910	7270
26602	910	5061
26603	910	9228
26604	910	9102
26605	910	7717
26606	910	9414
26607	910	1985
26610	910	4751
26611	910	4143
26612	910	6013
26613	910	3946
26614	910	4404
26617	910	2324
26618	910	7289
26622	910	1066
26623	910	3622
26624	910	3564
26625	921	6586
26626	921	4324
26627	921	6329
26628	921	6762
26632	921	5704
26634	921	2512
26635	921	7430
26637	921	7431
26638	921	1559
26640	921	7556
26644	921	2066
26645	921	1135
26646	921	6342
26648	921	1299
26649	921	7152
26651	921	7370
26652	921	5642
26653	921	7022
26654	921	6624
26655	921	6984
26656	921	5760
26657	921	7885
26659	921	7901
26660	921	7896
26661	921	7538
26662	921	8262
26663	921	7991
26666	921	8384
26667	921	7775
26668	921	6249
26669	921	7242
26670	921	7746
26671	921	8585
26672	921	7424
26673	921	2114
26674	921	968
26675	921	7978
26676	921	7787
26680	921	7471
26681	921	7297
26682	921	1160
26683	921	6867
26684	921	7497
26685	921	2142
26686	921	7484
26687	921	8040
26688	921	7253
26689	921	5061
26690	921	6242
26691	921	7744
26692	921	1267
26693	921	5758
26694	921	3727
26695	921	7398
26697	921	5042
26699	921	7201
26700	921	6646
26710	930	1786
26712	930	4011
26713	930	5499
26715	930	5195
26719	930	3777
26720	930	7015
26721	930	1007
26722	930	6851
26725	930	4735
26726	930	7468
26728	930	6885
26729	930	6105
26730	930	3195
26732	930	7320
26734	930	3735
26735	930	3076
26736	930	3833
26737	930	5284
26739	930	1381
26740	930	6606
26741	930	5386
26742	930	3944
26744	930	1783
26745	930	4959
26746	930	6705
26748	930	6316
26749	930	6521
26750	930	6564
26751	930	2116
26754	930	3502
26755	930	7097
26756	930	1653
26761	930	5200
26762	930	4741
26763	930	1007
26767	930	3107
26769	930	2991
26770	930	2075
26771	930	5403
26772	930	5996
26773	930	7158
26776	930	6481
26777	930	5320
26779	930	2413
26780	930	5948
26781	930	6031
26782	930	6203
26783	930	4632
26785	930	5171
26787	930	4060
26789	930	5346
26791	930	4217
26792	930	6295
26793	930	6542
26794	930	5700
26795	930	7043
26799	930	2678
26800	930	6354
26801	930	6014
26805	930	6812
26807	930	2997
26810	930	7560
26811	930	7328
26812	930	1969
26813	930	6007
