0.28679854
2.3598974
0.10782462
1.5070883
0.27554053
2.3192346
0.07863593
1.4825667
6.7401714
37.41557
0.2902593
2.391297
0.11000915
1.5180274
0.28006896
2.32831
0.07841043
1.5184345
6.884913
40.188175
0.3014816
2.15011
0.12378635
1.5138319
0.29187003
2.127535
0.1005625
1.5230726
6.948871
39.23097
0.31302255
1.0029461
0.1412066
1.5898485
0.30151728
0.980993
0.11159537
1.6044141
6.8173847
36.8431
0.32465577
1.8599386
0.15067653
1.6540506
0.31324655
1.7956966
0.11689732
1.6744385
6.920005
36.402237
0.33286947
1.7654693
0.15621565
1.7420683
0.32508373
1.6856048
0.12780124
1.7904752
6.888242
35.400738
0.34554362
1.6495576
0.15006208
1.7156829
0.3357893
1.6100056
0.13890259
1.746992
6.7998133
34.47272
0.3503028
1.6788654
0.142776
1.7824878
0.349379
1.5546272
0.14735961
1.8329166
6.98006
33.36829
0.36448556
1.5344222
0.16679308
1.7590322
0.35750258
1.4592181
0.15069224
1.8069509
6.7482967
31.8281
0.37188026
1.5752176
0.17930119
1.8007019
0.36427876
1.4923489
0.1630213
1.8405584
6.8236475
31.500029
0.38038766
1.4623376
0.172862
1.7387161
0.3726276
1.3836807
0.16602807
1.7928683
6.7930565
30.9307
0.391329
1.4526622
0.1897812
1.7947162
0.38606593
1.3901978
0.19349094
1.8642677
6.790284
29.89778
0.39837357
1.3801274
0.19273654
1.774416
0.39284575
1.2904221
0.1882271
1.8095629
6.735752
30.188597
0.40346465
1.4332393
0.1969976
1.8037719
0.4026258
1.2943288
0.19341446
1.8668505
6.6740017
29.403042
0.41516477
1.3634943
0.22032128
1.7708939
0.40742433
1.2710395
0.20340061
1.8126462
6.671969
29.454048
0.42703936
1.4754039
0.23483522
1.7973815
0.41844064
1.3420911
0.225676
1.862954
6.7937407
28.054924
0.4362605
1.2555766
0.22588392
1.7545316
0.4278308
1.177014
0.2224468
1.8256426
6.624583
27.19163
0.4410714
1.3348888
0.24228296
1.8183539
0.43648106
1.238259
0.23863363
1.8589524
6.7373805
27.790766
0.45129383
1.2356496
0.24432825
1.7796693
0.44236556
1.1685021
0.21613705
1.8402461
6.6135993
26.766369
0.4584515
1.2779168
0.26150075
1.7799046
0.4454006
1.1911824
0.24015087
1.8230993
6.6318154
26.56818
0.46219838
1.3866384
0.25652972
1.8099996
0.45196483
1.3568866
0.2553841
1.836013
6.545835
26.177122
0.46992916
1.3398038
0.2564871
1.7952759
0.46195716
1.2430928
0.23618034
1.8418808
6.495561
24.770632
0.4777637
1.3374829
0.25748205
1.7911735
0.46644786
1.2694161
0.23308975
1.8429148
6.566892
25.38292
0.4863664
1.2617575
0.26029953
1.8037649
0.47935432
1.2253221
0.25159475
1.8257807
6.396769
23.697758
0.50292504
1.2839085
0.2817394
1.7971643
0.4848279
1.2321148
0.26340148
1.8473326
6.460107
23.416586
