0.10203014
2.9370718
0.37734142
0.84255666
0.0936469
2.6939886
0.36524445
0.82858115
5.270619
33.005547
0.10532407
2.7341754
0.3650393
0.8760569
0.09642674
2.435727
0.3204049
0.8550674
5.3525214
33.120384
0.10652086
2.4826517
0.3838107
0.8563032
0.099226475
2.2830398
0.35735387
0.84104
5.365911
32.680363
0.109730616
1.0887504
0.42579442
0.9058835
0.10232477
0.99147743
0.3716976
0.8857416
5.2961993
31.691448
0.11209056
1.9188368
0.40120274
0.88036346
0.10331406
1.6259797
0.35168746
0.8601426
5.356709
32.130722
0.11622997
1.8701277
0.45813075
0.9664241
0.10525584
1.5949043
0.38196868
0.9459188
5.356624
31.717499
0.11837461
1.5744188
0.3754608
0.879252
0.106850296
1.4542383
0.4132807
0.90522623
5.2714972
31.690329
0.123150855
1.9550767
0.46133834
0.9126119
0.11175369
1.3635064
0.48879305
0.95840013
5.34449
31.354189
0.12538132
1.4907256
0.4099826
0.90955275
0.11308836
1.2496307
0.40006748
0.917718
5.26966
31.202
0.12749319
1.6007823
0.55039525
0.9273102
0.11825375
1.3534154
0.55939984
0.93376815
5.2833147
30.72906
0.132524
1.3692783
0.3798755
0.87573844
0.1200457
1.0630199
0.39171597
0.8850578
5.2440205
30.988
0.13582289
1.4634894
0.41684365
0.93521154
0.1236316
1.2966495
0.45946258
0.96855795
5.2493796
30.729519
0.14075524
1.3525
0.40536395
0.8939503
0.12848936
1.0729882
0.4206084
0.9088184
5.2950554
31.317608
0.1477755
1.5041202
0.43466973
0.9522555
0.13125156
0.91126114
0.44383368
0.96453637
5.2430596
30.533916
0.1491283
1.3908184
0.46623808
0.93859977
0.13608173
0.9333655
0.4398343
0.93833715
5.2561655
31.058075
0.15364143
1.5667485
0.4742318
0.95223844
0.13862777
1.0321137
0.5114412
0.9797034
5.3582172
30.225456
0.15991907
1.2152687
0.4444281
0.9241135
0.14531383
0.81319934
0.46748364
0.92362607
5.276652
30.04123
0.16133581
1.4848133
0.48601282
0.9561514
0.14581841
1.0078079
0.52110463
1.0091102
5.1979203
30.253784
0.16585736
1.0429628
0.47088566
0.92689645
0.15064117
0.77130204
0.44349536
0.9172877
5.10567
29.971819
0.16985959
1.2591417
0.49627805
0.94819355
0.15316926
0.7987425
0.4727152
0.9429836
5.2434196
29.972914
0.17269006
1.1781648
0.51342565
0.9561483
0.15481557
1.6736127
0.5148045
0.9583937
5.1670394
29.616219
0.17604326
1.3309695
0.48377424
0.97407126
0.16021538
0.79927
0.46354848
0.9635797
5.1982756
28.877563
0.18164305
1.2877148
0.4982836
0.9504997
0.16677801
0.76654756
0.44234747
0.9218703
5.265907
29.174198
0.18770905
1.091208
0.48717132
0.95115334
0.16753276
1.4265845
0.46641716
0.9288188
5.100167
28.317764
0.18690914
1.0033367
0.51044905
0.9648611
0.17319626
0.7503836
0.5508313
0.99071735
5.170656
28.343624
